,z,y,x,GFP,Phox2b,Snap25,Sncg,Pvalb,Penk,Reln,Spp1,Adcyap1,Sv2b,Dlk1,Fxyd6,Slc32a1
0,1,301,688,0,0,0,0,0,0,0,0,0,0,0,0,0
1,1,590,1416,0,0,0,0,0,0,0,0,0,0,0,0,0
2,1,649,1322,0,0,0,0,0,0,0,0,0,0,0,0,0
3,1,791,1671,0,0,0,0,0,0,0,0,0,0,0,0,0
4,1,872,1786,0,0,0,0,0,0,0,0,0,0,0,0,0
5,2,916,1190,0,0,0,0,0,0,0,0,0,0,0,0,0
6,1,953,1562,0,0,0,0,0,0,0,0,0,0,0,0,0
7,1,1039,1500,0,0,0,0,0,0,0,0,0,0,0,0,0
8,3,1037,1537,0,0,0,0,0,0,0,0,0,0,0,0,0
9,4,1073,1496,0,0,0,0,0,0,0,0,0,0,0,0,0
10,3,1194,1329,0,0,0,0,0,0,0,0,0,0,0,0,0
11,1,1217,1421,0,0,0,0,0,0,0,0,0,0,0,0,0
12,0,1218,1270,0,0,0,0,0,0,0,0,0,0,0,0,0
13,4,1260,1832,0,0,0,0,0,0,0,0,0,0,0,0,0
14,1,1323,1315,0,0,0,0,0,0,0,0,0,0,0,0,0
15,2,1401,1838,0,0,0,0,0,0,0,0,0,0,0,0,0
16,3,1400,1812,0,0,0,0,0,0,0,0,0,0,0,0,0
17,1,1497,953,0,0,0,0,0,0,0,0,0,0,0,0,0
18,5,1507,1119,0,0,0,0,0,0,0,0,0,0,0,0,0
19,1,1517,1154,0,0,0,0,0,0,0,0,0,0,0,0,0
20,1,1528,1828,0,0,0,0,0,0,0,0,0,0,0,0,0
21,2,1529,1129,0,0,0,0,0,0,0,0,0,0,0,0,0
22,1,1561,1156,0,0,0,0,0,0,0,0,0,0,0,0,0
23,2,1570,982,0,0,0,0,0,0,0,0,0,0,0,0,0
24,1,1572,2203,0,0,0,0,0,0,0,0,0,0,0,0,0
25,2,1581,955,0,0,0,0,0,0,0,0,0,0,0,0,0
26,2,1582,667,0,0,0,0,0,0,0,0,0,0,0,0,0
27,2,1588,1047,0,0,0,0,0,0,0,0,0,0,0,0,0
28,3,1589,577,0,0,0,0,0,0,0,0,0,0,0,0,0
29,0,1593,820,0,0,0,0,0,0,0,0,0,0,0,0,0
30,1,1619,1654,0,0,0,0,0,0,0,0,0,0,0,0,0
31,0,1621,1997,0,0,0,0,0,0,0,0,0,0,0,0,0
32,4,1637,932,0,0,0,0,0,0,0,0,0,0,0,0,0
33,4,1672,2124,0,0,0,0,0,0,0,0,0,0,0,0,0
34,2,1685,1665,0,0,0,0,0,0,0,0,0,0,0,0,0
35,1,1699,1194,0,0,0,0,0,0,0,0,0,0,0,0,0
36,2,1701,1247,0,0,0,0,0,0,0,0,0,0,0,0,0
37,1,1714,951,0,0,0,0,0,0,0,0,0,0,0,0,0
38,1,1713,1948,0,0,0,0,0,0,0,0,0,0,0,0,0
39,1,1733,1476,0,0,0,0,0,0,0,0,0,0,0,0,0
40,3,1742,1020,0,0,0,0,0,0,0,0,0,0,0,0,0
41,1,1753,830,0,0,0,0,0,0,0,0,0,0,0,0,0
42,0,1766,1264,0,0,0,0,0,0,0,0,0,0,0,0,0
43,3,1772,1338,0,0,0,0,0,0,0,0,0,0,0,0,0
44,4,1772,1318,0,0,0,0,0,0,0,0,0,0,0,0,0
45,4,1775,981,0,0,0,0,0,0,0,0,0,0,0,0,0
46,3,1792,2264,0,0,0,0,0,0,0,0,0,0,0,0,0
47,1,1796,1144,0,0,0,0,0,0,0,0,0,0,0,0,0
48,2,1805,1344,0,0,0,0,0,0,0,0,0,0,0,0,0
49,4,1796,1284,0,0,0,0,0,0,0,0,0,0,0,0,0
50,3,1798,1365,0,0,0,0,0,0,0,0,0,0,0,0,0
51,0,1806,1400,0,0,0,0,0,0,0,0,0,0,0,0,0
52,2,1816,1715,0,0,0,0,0,0,0,0,0,0,0,0,0
53,4,1825,1369,0,0,0,0,0,0,0,0,0,0,0,0,0
54,1,1831,1812,0,0,0,0,0,0,0,0,0,0,0,0,0
55,1,1851,854,0,0,0,0,0,0,0,0,0,0,0,0,0
56,0,1864,1627,0,0,0,0,0,0,0,0,0,0,0,0,0
57,1,1863,2500,0,0,0,0,0,0,0,0,0,0,0,0,0
58,2,1870,1422,0,0,0,0,0,0,0,0,0,0,0,0,0
59,1,1898,1500,0,0,0,0,0,0,0,0,0,0,0,0,0
60,1,1904,1245,0,0,0,0,0,0,0,0,0,0,0,0,0
61,5,1908,1610,0,0,0,0,0,0,0,0,0,0,0,0,0
62,2,1914,1137,0,0,0,0,0,0,0,0,0,0,0,0,0
63,0,1929,1799,0,0,0,0,0,0,0,0,0,0,0,0,0
64,5,1930,1120,0,0,0,0,0,0,0,0,0,0,0,0,0
65,1,1938,2087,0,0,0,0,0,0,0,0,0,0,0,0,0
66,6,1938,1384,0,0,0,0,0,0,0,0,0,0,0,0,0
67,0,1943,1150,0,0,0,0,0,0,0,0,0,0,0,0,0
68,1,1959,1029,0,0,0,0,0,0,0,0,0,0,0,0,0
69,2,2014,1621,0,0,0,0,0,0,0,0,0,0,0,0,0
70,4,2012,1984,0,0,0,0,0,0,0,0,0,0,0,0,0
71,2,2035,1178,0,0,0,0,0,0,0,0,0,0,0,0,0
72,3,2038,1600,0,0,0,0,0,0,0,0,0,0,0,0,0
73,1,2042,1395,0,0,0,0,0,0,0,0,0,0,0,0,0
74,1,2080,1331,0,0,0,0,0,0,0,0,0,0,0,0,0
75,0,2083,1605,0,0,0,0,0,0,0,0,0,0,0,0,0
76,2,2093,1812,0,0,0,0,0,0,0,0,0,0,0,0,0
77,3,2104,1517,0,0,0,0,0,0,0,0,0,0,0,0,0
78,0,2107,1123,0,0,0,0,0,0,0,0,0,0,0,0,0
79,1,2120,1054,0,0,0,0,0,0,0,0,0,0,0,0,0
80,3,2144,1703,0,0,0,0,0,0,0,0,0,0,0,0,0
81,3,2145,1271,0,0,0,0,0,0,0,0,0,0,0,0,0
82,2,2153,1606,0,0,0,0,0,0,0,0,0,0,0,0,0
83,3,2162,1827,0,0,0,0,0,0,0,0,0,0,0,0,0
84,1,2191,1646,0,0,0,0,0,0,0,0,0,0,0,0,0
85,1,2237,1340,0,0,0,0,0,0,0,0,0,0,0,0,0
86,1,2283,1586,0,0,0,0,0,0,0,0,0,0,0,0,0
87,2,2286,1528,0,0,0,0,0,0,0,0,0,0,0,0,0
88,3,2321,1169,0,0,0,0,0,0,0,0,0,0,0,0,0
89,1,2334,1680,0,0,0,0,0,0,0,0,0,0,0,0,0
90,2,2383,1489,0,0,0,0,0,0,0,0,0,0,0,0,0
91,4,830,1862,0,0,0,0,0,0,0,0,0,0,0,0,0
92,4,999,1234,0,0,0,0,0,0,0,0,0,0,0,0,0
93,3,1289,1830,0,0,0,0,0,0,0,0,0,0,0,0,0
94,4,1301,384,0,0,0,0,0,0,0,0,0,0,0,0,0
95,3,1329,1848,0,0,0,0,0,0,0,0,0,0,0,0,0
96,4,1726,1664,0,0,0,0,0,0,0,0,0,0,0,0,0
97,4,1866,671,0,0,0,0,0,0,0,0,0,0,0,0,0
98,4,1875,1513,0,0,0,0,0,0,0,0,0,0,0,0,0
99,4,1887,2494,0,0,0,0,0,0,0,0,0,0,0,0,0
100,4,1983,1853,0,0,0,0,0,0,0,0,0,0,0,0,0
101,5,2008,1916,0,0,0,0,0,0,0,0,0,0,0,0,0
102,5,2046,1157,0,0,0,0,0,0,0,0,0,0,0,0,0
103,4,2070,1846,0,0,0,0,0,0,0,0,0,0,0,0,0
104,4,2135,1638,0,0,0,0,0,0,0,0,0,0,0,0,0
105,4,2152,917,0,0,0,0,0,0,0,0,0,0,0,0,0
106,5,1496,1042,0,0,0,0,0,0,0,0,0,0,0,0,0
107,4,1727,1876,0,0,0,0,0,0,0,0,0,0,0,0,0
108,6,1795,1701,0,0,0,0,0,0,0,0,0,0,0,0,0
109,5,1804,888,0,0,0,0,0,0,0,0,0,0,0,0,0
110,6,1922,1937,0,0,0,0,0,0,0,0,0,0,0,0,0
111,6,1931,2042,0,0,0,0,0,0,0,0,0,0,0,0,0
112,6,1999,1175,0,0,0,0,0,0,0,0,0,0,0,0,0
113,6,2019,1254,0,0,0,0,0,0,0,0,0,0,0,0,0
114,6,2027,1081,0,0,0,0,0,0,0,0,0,0,0,0,0
115,6,2135,1165,0,0,0,0,0,0,0,0,0,0,0,0,0
116,6,2188,1688,0,0,0,0,0,0,0,0,0,0,0,0,0
117,5,2252,1215,0,0,0,0,0,0,0,0,0,0,0,0,0
118,5,1266,1951,0,0,0,0,0,0,0,0,0,0,0,0,0
119,6,1416,1669,0,0,0,0,0,0,0,0,0,0,0,0,0
120,7,1752,1374,0,0,0,0,0,0,0,0,0,0,0,0,0
121,7,1760,827,0,0,0,0,0,0,0,0,0,0,0,0,0
122,7,1834,1232,0,0,0,0,0,0,0,0,0,0,0,0,0
123,7,1836,1895,0,0,0,0,0,0,0,0,0,0,0,0,0
124,7,1945,1264,0,0,0,0,0,0,0,0,0,0,0,0,0
125,6,2083,1795,0,0,0,0,0,0,0,0,0,0,0,0,0
126,5,2139,1060,0,0,0,0,0,0,0,0,0,0,0,0,0
127,7,2232,870,0,0,0,0,0,0,0,0,0,0,0,0,0
128,5,2302,1679,0,0,0,0,0,0,0,0,0,0,0,0,0
129,8,1480,1120,0,0,0,0,0,0,0,0,0,0,0,0,0
130,7,1723,1687,0,0,0,0,0,0,0,0,0,0,0,0,0
131,6,1755,1978,0,0,0,0,0,0,0,0,0,0,0,0,0
132,7,1792,1470,0,0,0,0,0,0,0,0,0,0,0,0,0
133,7,1792,1720,0,0,0,0,0,0,0,0,0,0,0,0,0
134,6,1824,2014,0,0,0,0,0,0,0,0,0,0,0,0,0
135,8,1883,1354,0,0,0,0,0,0,0,0,0,0,0,0,0
136,8,1997,1612,0,0,0,0,0,0,0,0,0,0,0,0,0
137,6,2041,1706,0,0,0,0,0,0,0,0,0,0,0,0,0
138,7,2129,1121,0,0,0,0,0,0,0,0,0,0,0,0,0
139,7,2247,1487,0,0,0,0,0,0,0,0,0,0,0,0,0
140,7,2274,1002,0,0,0,0,0,0,0,0,0,0,0,0,0
141,7,2342,1583,0,0,0,0,0,0,0,0,0,0,0,0,0
142,8,1534,2291,0,0,0,0,0,0,0,0,0,0,0,0,0
143,8,1610,1736,0,0,0,0,0,0,0,0,0,0,0,0,0
144,8,1766,1793,0,0,0,0,0,0,0,0,0,0,0,0,0
145,9,1790,1263,0,0,0,0,0,0,0,0,0,0,0,0,0
146,8,1827,1344,0,0,0,0,0,0,0,0,0,0,0,0,0
147,9,1839,1209,0,0,0,0,0,0,0,0,0,0,0,0,0
148,8,1838,1565,0,0,0,0,0,0,0,0,0,0,0,0,0
149,8,1974,1099,0,0,0,0,0,0,0,0,0,0,0,0,0
150,8,2140,1772,0,0,0,0,0,0,0,0,0,0,0,0,0
151,9,2214,1236,0,0,0,0,0,0,0,0,0,0,0,0,0
152,9,2297,1116,0,0,0,0,0,0,0,0,0,0,0,0,0
153,9,1647,1057,0,0,0,0,0,0,0,0,0,0,0,0,0
154,10,1838,1434,0,0,0,0,0,0,0,0,0,0,0,0,0
155,9,2052,1343,0,0,0,0,0,0,0,0,0,0,0,0,0
156,7,2071,1942,0,0,0,0,0,0,0,0,0,0,0,0,0
157,8,2205,2001,0,0,0,0,0,0,0,0,0,0,0,0,0
158,9,2212,1424,0,0,0,0,0,0,0,0,0,0,0,0,0
159,10,2286,1034,0,0,0,0,0,0,0,0,0,0,0,0,0
160,9,2304,1064,0,0,0,0,0,0,0,0,0,0,0,0,0
161,10,935,1381,0,0,0,0,0,0,0,0,0,0,0,0,0
162,9,1832,2370,0,0,0,0,0,0,0,0,0,0,0,0,0
163,11,1932,1827,0,0,0,0,0,0,0,0,0,0,0,0,0
164,10,1948,1695,0,0,0,0,0,0,0,0,0,0,0,0,0
165,9,1956,1782,0,0,0,0,0,0,0,0,0,0,0,0,0
166,10,2035,1260,0,0,0,0,0,0,0,0,0,0,0,0,0
167,10,2080,1712,0,0,0,0,0,0,0,0,0,0,0,0,0
168,10,2167,1336,0,0,0,0,0,0,0,0,0,0,0,0,0
169,10,2226,1688,0,0,0,0,0,0,0,0,0,0,0,0,0
170,10,2283,1110,0,0,0,0,0,0,0,0,0,0,0,0,0
171,10,964,1596,0,0,0,0,0,0,0,0,0,0,0,0,0
172,11,1342,2145,0,0,0,0,0,0,0,0,0,0,0,0,0
173,11,1477,1742,0,0,0,0,0,0,0,0,0,0,0,0,0
174,11,1682,1648,0,0,0,0,0,0,0,0,0,0,0,0,0
175,10,1751,789,0,0,0,0,0,0,0,0,0,0,0,0,0
176,11,1835,1696,0,0,0,0,0,0,0,0,0,0,0,0,0
177,11,1905,1681,0,0,0,0,0,0,0,0,0,0,0,0,0
178,10,1906,1156,0,0,0,0,0,0,0,0,0,0,0,0,0
179,11,1907,1465,0,0,0,0,0,0,0,0,0,0,0,0,0
180,12,2263,1376,0,0,0,0,0,0,0,0,0,0,0,0,0
181,11,907,1115,0,0,0,0,0,0,0,0,0,0,0,0,0
182,11,1213,1994,0,0,0,0,0,0,0,0,0,0,0,0,0
183,12,1696,1433,0,0,0,0,0,0,0,0,0,0,0,0,0
184,12,1785,1575,0,0,0,0,0,0,0,0,0,0,0,0,0
185,12,1824,2031,0,0,0,0,0,0,0,0,0,0,0,0,0
186,13,1856,1318,0,0,0,0,0,0,0,0,0,0,0,0,0
187,12,1909,1732,0,0,0,0,0,0,0,0,0,0,0,0,0
188,12,1926,1276,0,0,0,0,0,0,0,0,0,0,0,0,0
189,11,1966,1446,0,0,0,0,0,0,0,0,0,0,0,0,0
190,12,2252,1241,0,0,0,0,0,0,0,0,0,0,0,0,0
191,12,917,1263,0,0,0,0,0,0,0,0,0,0,0,0,0
192,12,1037,1304,0,0,0,0,0,0,0,0,0,0,0,0,0
193,13,1552,686,0,0,0,0,0,0,0,0,0,0,0,0,0
194,13,1682,1798,0,0,0,0,0,0,0,0,0,0,0,0,0
195,13,1764,1422,0,0,0,0,0,0,0,0,0,0,0,0,0
196,13,1775,2039,0,0,0,0,0,0,0,0,0,0,0,0,0
197,13,1777,1479,0,0,0,0,0,0,0,0,0,0,0,0,0
198,14,1832,2339,0,0,0,0,0,0,0,0,0,0,0,0,0
199,13,1876,1343,0,0,0,0,0,0,0,0,0,0,0,0,0
200,13,2035,846,0,0,0,0,0,0,0,0,0,0,0,0,0
201,13,2051,1254,0,0,0,0,0,0,0,0,0,0,0,0,0
202,13,2147,1068,0,0,0,0,0,0,0,0,0,0,0,0,0
203,13,2167,1356,0,0,0,0,0,0,0,0,0,0,0,0,0
204,12,2246,2148,0,0,0,0,0,0,0,0,0,0,0,0,0
205,13,2289,1836,0,0,0,0,0,0,0,0,0,0,0,0,0
206,13,985,1476,0,0,0,0,0,0,0,0,0,0,0,0,0
207,14,1323,1329,0,0,0,0,0,0,0,0,0,0,0,0,0
208,14,1338,1085,0,0,0,0,0,0,0,0,0,0,0,0,0
209,14,1559,1854,0,0,0,0,0,0,0,0,0,0,0,0,0
210,14,1699,1289,0,0,0,0,0,0,0,0,0,0,0,0,0
211,14,1730,1006,0,0,0,0,0,0,0,0,0,0,0,0,0
212,15,1784,1362,0,0,0,0,0,0,0,0,0,0,0,0,0
213,15,1814,1425,0,0,0,0,0,0,0,0,0,0,0,0,0
214,14,1847,1576,0,0,0,0,0,0,0,0,0,0,0,0,0
215,15,1948,1770,0,0,0,0,0,0,0,0,0,0,0,0,0
216,14,2276,1549,0,0,0,0,0,0,0,0,0,0,0,0,0
217,14,2311,1416,0,0,0,0,0,0,0,0,0,0,0,0,0
218,15,1496,838,0,0,0,0,0,0,0,0,0,0,0,0,0
219,16,1687,1473,0,0,0,0,0,0,0,0,0,0,0,0,0
220,14,1764,1972,0,0,0,0,0,0,0,0,0,0,0,0,0
221,15,1886,1565,0,0,0,0,0,0,0,0,0,0,0,0,0
222,14,2062,1053,0,0,0,0,0,0,0,0,0,0,0,0,0
223,15,2204,1290,0,0,0,0,0,0,0,0,0,0,0,0,0
224,15,1214,2141,0,0,0,0,0,0,0,0,0,0,0,0,0
225,16,1405,2102,0,0,0,0,0,0,0,0,0,0,0,0,0
226,16,1658,1414,0,0,0,0,0,0,0,0,0,0,0,0,0
227,16,1755,1918,0,0,0,0,0,0,0,0,0,0,0,0,0
228,15,2207,1307,0,0,0,0,0,0,0,0,0,0,0,0,0
229,15,2217,1471,0,0,0,0,0,0,0,0,0,0,0,0,0
230,17,877,1551,0,0,0,0,0,0,0,0,0,0,0,0,0
231,17,1028,1583,0,0,0,0,0,0,0,0,0,0,0,0,0
232,16,1330,1032,0,0,0,0,0,0,0,0,0,0,0,0,0
233,16,1860,1055,0,0,0,0,0,0,0,0,0,0,0,0,0
234,19,1895,1398,0,0,0,0,0,0,0,0,0,0,0,0,0
235,16,1902,1351,0,0,0,0,0,0,0,0,0,0,0,0,0
236,16,1951,791,0,0,0,0,0,0,0,0,0,0,0,0,0
237,16,2016,1443,0,0,0,0,0,0,0,0,0,0,0,0,0
238,17,2021,1367,0,0,0,0,0,0,0,0,0,0,0,0,0
239,16,2063,1626,0,0,0,0,0,0,0,0,0,0,0,0,0
240,16,2097,1055,0,0,0,0,0,0,0,0,0,0,0,0,0
241,16,2146,658,0,0,0,0,0,0,0,0,0,0,0,0,0
242,16,706,1834,0,0,0,0,0,0,0,0,0,0,0,0,0
243,18,1432,1697,0,0,0,0,0,0,0,0,0,0,0,0,0
244,18,1464,1904,0,0,0,0,0,0,0,0,0,0,0,0,0
245,17,1545,937,0,0,0,0,0,0,0,0,0,0,0,0,0
246,16,1584,2051,0,0,0,0,0,0,0,0,0,0,0,0,0
247,17,1721,2303,0,0,0,0,0,0,0,0,0,0,0,0,0
248,18,1896,1544,0,0,0,0,0,0,0,0,0,0,0,0,0
249,17,1980,1465,0,0,0,0,0,0,0,0,0,0,0,0,0
250,17,2119,1354,0,0,0,0,0,0,0,0,0,0,0,0,0
251,19,815,1652,0,0,0,0,0,0,0,0,0,0,0,0,0
252,19,1119,1217,0,0,0,0,0,0,0,0,0,0,0,0,0
253,18,1195,1277,0,0,0,0,0,0,0,0,0,0,0,0,0
254,18,1394,1245,0,0,0,0,0,0,0,0,0,0,0,0,0
255,18,1414,1839,0,0,0,0,0,0,0,0,0,0,0,0,0
256,19,1464,1212,0,0,0,0,0,0,0,0,0,0,0,0,0
257,19,1608,1828,0,0,0,0,0,0,0,0,0,0,0,0,0
258,18,1696,1991,0,0,0,0,0,0,0,0,0,0,0,0,0
259,18,1699,2213,0,0,0,0,0,0,0,0,0,0,0,0,0
260,18,1702,2063,0,0,0,0,0,0,0,0,0,0,0,0,0
261,20,1754,1339,0,0,0,0,0,0,0,0,0,0,0,0,0
262,18,1781,1391,0,0,0,0,0,0,0,0,0,0,0,0,0
263,18,1875,1761,0,0,0,0,0,0,0,0,0,0,0,0,0
264,17,1910,822,0,0,0,0,0,0,0,0,0,0,0,0,0
265,18,1935,1208,0,0,0,0,0,0,0,0,0,0,0,0,0
266,19,1967,1662,0,0,0,0,0,0,0,0,0,0,0,0,0
267,19,1985,1445,0,0,0,0,0,0,0,0,0,0,0,0,0
268,19,2030,1732,0,0,0,0,0,0,0,0,0,0,0,0,0
269,19,2041,1464,0,0,0,0,0,0,0,0,0,0,0,0,0
270,18,2319,1436,0,0,0,0,0,0,0,0,0,0,0,0,0
271,20,1306,2149,0,0,0,0,0,0,0,0,0,0,0,0,0
272,20,1481,1973,0,0,0,0,0,0,0,0,0,0,0,0,0
273,19,1614,906,0,0,0,0,0,0,0,0,0,0,0,0,0
274,20,2136,1146,0,0,0,0,0,0,0,0,0,0,0,0,0
275,20,2298,1097,0,0,0,0,0,0,0,0,0,0,0,0,0
276,19,951,1336,0,0,0,0,0,0,0,0,0,0,0,0,0
277,19,1196,2315,0,0,0,0,0,0,0,0,0,0,0,0,0
278,21,1546,1533,0,0,0,0,0,0,0,0,0,0,0,0,0
279,20,1557,1998,0,0,0,0,0,0,0,0,0,0,0,0,0
280,21,1854,1472,0,0,0,0,0,0,0,0,0,0,0,0,0
281,21,2046,1155,0,0,0,0,0,0,0,0,0,0,0,0,0
282,19,2465,1326,0,0,0,0,0,0,0,0,0,0,0,0,0
283,21,1763,1379,0,0,0,0,0,0,0,0,0,0,0,0,0
284,21,1911,1297,0,0,0,0,0,0,0,0,0,0,0,0,0
285,21,1938,1231,0,0,0,0,0,0,0,0,0,0,0,0,0
286,22,1938,1926,0,0,0,0,0,0,0,0,0,0,0,0,0
287,22,2048,997,0,0,0,0,0,0,0,0,0,0,0,0,0
288,21,2084,1042,0,0,0,0,0,0,0,0,0,0,0,0,0
289,21,2158,1230,0,0,0,0,0,0,0,0,0,0,0,0,0
290,22,1395,1117,0,0,0,0,0,0,0,0,0,0,0,0,0
291,22,1525,1841,0,0,0,0,0,0,0,0,0,0,0,0,0
292,23,1571,1065,0,0,0,0,0,0,0,0,0,0,0,0,0
293,22,1691,1077,0,0,0,0,0,0,0,0,0,0,0,0,0
294,22,1781,1619,0,0,0,0,0,0,0,0,0,0,0,0,0
295,23,1888,1352,0,0,0,0,0,0,0,0,0,0,0,0,0
296,22,2017,1643,0,0,0,0,0,0,0,0,0,0,0,0,0
297,23,1288,1016,0,0,0,0,0,0,0,0,0,0,0,0,0
298,23,1503,1933,0,0,0,0,0,0,0,0,0,0,0,0,0
299,23,1609,1802,0,0,0,0,0,0,0,0,0,0,0,0,0
300,23,1612,1014,0,0,0,0,0,0,0,0,0,0,0,0,0
301,23,1621,1515,0,0,0,0,0,0,0,0,0,0,0,0,0
302,24,1653,1782,0,0,0,0,0,0,0,0,0,0,0,0,0
303,23,1695,921,0,0,0,0,0,0,0,0,0,0,0,0,0
304,24,1765,1642,0,0,0,0,0,0,0,0,0,0,0,0,0
305,24,1908,1320,0,0,0,0,0,0,0,0,0,0,0,0,0
306,24,2013,1717,0,0,0,0,0,0,0,0,0,0,0,0,0
307,24,1506,2127,0,0,0,0,0,0,0,0,0,0,0,0,0
308,24,1539,2150,0,0,0,0,0,0,0,0,0,0,0,0,0
309,23,1651,1049,0,0,0,0,0,0,0,0,0,0,0,0,0
310,25,1716,1301,0,0,0,0,0,0,0,0,0,0,0,0,0
311,23,1845,1679,0,0,0,0,0,0,0,0,0,0,0,0,0
312,24,1943,1499,0,0,0,0,0,0,0,0,0,0,0,0,0
313,24,1967,1610,0,0,0,0,0,0,0,0,0,0,0,0,0
314,24,2114,1532,0,0,0,0,0,0,0,0,0,0,0,0,0
315,25,1205,927,0,0,0,0,0,0,0,0,0,0,0,0,0
316,25,1460,1258,0,0,0,0,0,0,0,0,0,0,0,0,0
317,25,1498,2206,0,0,0,0,0,0,0,0,0,0,0,0,0
318,25,1671,1756,0,0,0,0,0,0,0,0,0,0,0,0,0
319,25,2170,1193,0,0,0,0,0,0,0,0,0,0,0,0,0
320,25,2196,1858,0,0,0,0,0,0,0,0,0,0,0,0,0
321,25,1038,1934,0,0,0,0,0,0,0,0,0,0,0,0,0
322,25,1155,1797,0,0,0,0,0,0,0,0,0,0,0,0,0
323,25,1459,1115,0,0,0,0,0,0,0,0,0,0,0,0,0
324,25,1604,1852,0,0,0,0,0,0,0,0,0,0,0,0,0
325,25,1670,1552,0,0,0,0,0,0,0,0,0,0,0,0,0
326,25,1694,1696,0,0,0,0,0,0,0,0,0,0,0,0,0
327,26,1710,1404,0,0,0,0,0,0,0,0,0,0,0,0,0
328,25,1731,895,0,0,0,0,0,0,0,0,0,0,0,0,0
329,25,1747,1571,0,0,0,0,0,0,0,0,0,0,0,0,0
330,26,1920,1537,0,0,0,0,0,0,0,0,0,0,0,0,0
331,25,2045,1742,0,0,0,0,0,0,0,0,0,0,0,0,0
332,26,1036,1598,0,0,0,0,0,0,0,0,0,0,0,0,0
333,26,1177,1311,0,0,0,0,0,0,0,0,0,0,0,0,0
334,26,1357,1114,0,0,0,0,0,0,0,0,0,0,0,0,0
335,26,1454,1512,0,0,0,0,0,0,0,0,0,0,0,0,0
336,26,1579,1045,0,0,0,0,0,0,0,0,0,0,0,0,0
337,26,1651,1684,0,0,0,0,0,0,0,0,0,0,0,0,0
338,26,1839,1211,0,0,0,0,0,0,0,0,0,0,0,0,0
339,26,1861,1652,0,0,0,0,0,0,0,0,0,0,0,0,0
340,26,1939,1593,0,0,0,0,0,0,0,0,0,0,0,0,0
341,26,1944,1867,0,0,0,0,0,0,0,0,0,0,0,0,0
342,26,1995,1725,0,0,0,0,0,0,0,0,0,0,0,0,0
343,26,2120,1408,0,0,0,0,0,0,0,0,0,0,0,0,0
344,26,2281,1484,0,0,0,0,0,0,0,0,0,0,0,0,0
